    'AES': 6.869914511880816,
    'Caesar': 6.8699170525535065,
    'Multi-layered': 6.8699169186498