    'AES': 97.87147846992363,
    'Caesar': 109.81768908246765,
    'Multi-layered': 97.82900434341514